,LotFrontage,LotArea,OverallQual,OverallCond,YearBuilt,YearRemodAdd,MasVnrArea,ExterQual,ExterCond,BsmtQual,BsmtCond,BsmtExposure,BsmtFinType1,BsmtFinSF1,BsmtFinType2,BsmtFinSF2,BsmtUnfSF,TotalBsmtSF,HeatingQC,CentralAir,1stFlrSF,2ndFlrSF,LowQualFinSF,GrLivArea,BsmtFullBath,BsmtHalfBath,FullBath,HalfBath,BedroomAbvGr,KitchenAbvGr,KitchenQual,TotRmsAbvGrd,Functional,Fireplaces,FireplaceQu,GarageYrBlt,GarageFinish,GarageCars,GarageArea,GarageQual,GarageCond,WoodDeckSF,OpenPorchSF,EnclosedPorch,3SsnPorch,ScreenPorch,PoolArea,PoolQC,Fence,MiscVal,MoSold,YrSold,SalePrice
LotFrontage,1.0,0.3074925150390542,0.21587705040278016,-0.03952997575469023,0.11252560894807,0.07627092059823092,0.16797450391149785,0.14340701669150932,-0.00332784386550946,0.12775936952114333,0.05632834605498128,0.14947553879498926,0.08148047481164311,0.1432948778902447,0.03775903394060566,0.0591323224610287,0.12667573528213008,0.30867021072054524,0.08480389315455246,0.0785282421863427,0.3800209768134595,0.048852592525147516,0.035279888303773564,0.3283786793075778,0.0850738592898066,0.005844978115038529,0.17605432323519019,0.0400879423105343,0.25122735641570726,-0.0029097264823112617,0.15456296729360178,0.31283801006760886,0.018721187697359507,0.22550362327155726,0.23088065278315645,0.05104461479747122,0.2100109273066615,0.28483621980187335,0.31530657134512324,0.11796907022295343,0.11285286210965748,0.07978656117414365,0.10996905225638184,0.01345811306487782,0.06974519241405425,0.047007407470119555,0.05766779886239529,0.08546194400499527,0.032432972574008095,0.006865605696649464,0.022238452541029744,0.0075696216093116275,0.3542990432389429
LotArea,0.3074925150390542,1.0,0.08871876848705003,-0.0028322851778053693,0.006590225917479384,0.006930317918252222,0.08035683965944877,0.03796016122007926,0.016579679616990382,0.06165225987233638,0.030961611373868683,0.2181652301221648,0.05184407207672843,0.17342615785124066,0.08973403105323266,0.1146912272225551,-0.0037740312750955125,0.22193993834099135,-0.0025330136109905123,0.0486132344954504,0.26764364350452985,0.0372765819899955,0.005675274628043474,0.2318869551706059,0.14759461054911324,0.04739054641272688,0.1173358554159999,0.00598050426523824,0.11895951323161624,-0.01656530852102685,0.053654461776287625,0.1736292845906779,-0.027110484703927587,0.2597009161407162,0.17971793711780804,-0.03402000747164472,0.11684083702867576,0.1509774213051085,0.16218278933302596,0.07858529410909972,0.07530417853362696,0.16704005510332495,0.06167926051138772,-0.016108446185878884,0.02150537072482805,0.04562015796248517,0.03387522673705014,0.040097626078975324,-0.0397004800158923,0.03919235885025022,0.007188288329987563,-0.013014087668527841,0.2698664838081008
OverallQual,0.21587705040278016,0.08871876848705003,1.0,-0.09069173000680038,0.5717118318573415,0.5509706119464148,0.3953355419816274,0.7219726375614085,0.015975392038904013,0.6254208088220197,0.2708277140548903,0.28586178247966304,0.22638142925201535,0.21307936180611248,-0.04267442573769138,-0.05752024911437822,0.310164043710582,0.5326659864305281,0.45567700537029787,0.273021284837201,0.4620418217009409,0.2797450211288611,-0.029825794075038523,0.5835191995082176,0.10409198296310039,-0.047172132127691065,0.5437909250225513,0.26743138337385464,0.0968481464883596,-0.1842806032788194,0.667868541834574,0.41583390187467534,0.14520593213156016,0.387424903268075,0.4878994129243374,0.5132226255643967,0.5533531757743456,0.5987388914506724,0.5549046881554318,0.2936201177903978,0.28809140116316245,0.23281893872857426,0.29780274350189484,-0.11240732103739327,0.03162058603172213,0.06773223349320084,0.018121246278776856,0.02495133645732626,-0.15539751998906098,-0.031068453345009597,0.07641429504981362,-0.02432058162796463,0.800858355713079
OverallCond,-0.03952997575469023,-0.0028322851778053693,-0.09069173000680038,1.0,-0.3756911137667367,0.07470259119491163,-0.12762089420424302,-0.13853148408767832,0.38912860209589095,-0.16433677192374851,0.13250112660237895,-0.0556124273836638,-0.013572590179689484,-0.04254223648115158,0.10149454169926186,0.040014832708537805,-0.13726651043566235,-0.17600043556875453,-0.013407655173662651,0.1192315499781722,-0.14561285456726217,0.03129665430861256,0.02540647313703442,-0.0785673545625558,-0.0531068369153103,0.11720681785892433,-0.19416712143707396,-0.05992661438612295,0.013248891873174204,-0.08720445773374659,-0.02508651807593099,-0.05576634773934184,0.11914741897802365,-0.022277116762906873,-0.05641574380882138,-0.3058340480134725,-0.17063016527339528,-0.1854937578027771,-0.15067914619863315,0.01927866088789211,0.01692674602605679,-0.003063120432804944,-0.029648925355834396,0.07010269752842434,0.025418920818011233,0.05461665595852205,0.008078796877751105,-0.002327159794925038,0.1704919333018113,0.06872942128420391,-0.00313526238066152,0.043754812248703666,-0.08020180174226976
YearBuilt,0.11252560894807,0.006590225917479384,0.5717118318573415,-0.3756911137667367,1.0,0.5919061355514743,0.3099230943568802,0.5974089825830093,-0.10342976449613096,0.6014017724020129,0.18305556135933918,0.28611429252858805,0.3489686613575204,0.24827249058397247,-0.038814961766341916,-0.04839337123554412,0.14881014465482215,0.3998666074821649,0.4475451174174637,0.3816876426655915,0.2799287140168693,0.0029531539843237454,-0.18371995413866998,0.19264495082775793,0.1850092536595205,-0.039945271246706354,0.4667100002181729,0.24014368090918903,-0.07262327777860304,-0.17448100235975383,0.5284536429815964,0.08920688389928134,0.14836634090788553,0.14316231757350967,0.22209376093123354,0.7765780403930702,0.5943875899320051,0.5367486560606803,0.47731136261439566,0.2867709960495333,0.2908109164770269,0.222690462250562,0.1839051844790444,-0.38690357570664596,0.03171737460674914,-0.049702592772028216,-0.014372824825823055,-0.026327356668790967,-0.21331438959163396,-0.03419266645663075,0.013880837183317122,-0.01259326709819954,0.5352794324656356
YearRemodAdd,0.07627092059823092,0.006930317918252222,0.5509706119464148,0.07470259119491163,0.5919061355514743,1.0,0.17295882226674775,0.5872604243843353,0.0753648876611909,0.5137756957139039,0.18796197159925435,0.2182233420290376,0.22241215310332793,0.12168960913562225,-0.03858046397529048,-0.06718771329054855,0.18097242057333365,0.2948660904101506,0.549187574011116,0.2986259573494935,0.23830448854109434,0.13610336037478346,-0.06221516019715114,0.289264278389846,0.1167650471561167,-0.013296723108745457,0.4382115073836328,0.18113598086551577,-0.04191850280104136,-0.14928757685180094,0.6252604893199135,0.18752025839740932,0.07209086580099998,0.10873162086747157,0.1940498777342108,0.615559991426941,0.44303110283845615,0.41957282205954777,0.36958985160230995,0.148503883645668,0.143654747519669,0.20401969075480492,0.22264877209133555,-0.19334804048557555,0.045595822858817345,-0.03817646409607506,-0.009490187708591091,-0.010396544394619534,-0.14134230961089833,-0.010099838030900022,0.022628793248596214,0.03659749291411897,0.521427960102121
MasVnrArea,0.16797450391149785,0.08035683965944877,0.3953355419816274,-0.12762089420424302,0.3099230943568802,0.17295882226674775,1.0,0.33002837908569227,-0.016328709048570922,0.26929240746360755,0.07379129537476065,0.1595826277811968,0.1787201772665589,0.231890496338617,-0.04350100976587882,-0.07033877498355552,0.11110742684682032,0.3337140731615565,0.1527986687166238,0.12688010469504413,0.3116790473182949,0.1560643095384502,-0.06908555255834344,0.36047177078971876,0.07802616411348734,0.012904128267869535,0.26245500373329217,0.19292243274481236,0.0991417670510767,-0.03741126279610594,0.27064477091049066,0.264227400358897,0.08238980234992802,0.23486767460392166,0.2683852166387433,0.24153549714312253,0.2699253817849142,0.3598312759820755,0.3595895116907744,0.1356220129516525,0.13436910201287572,0.14978982079271108,0.10293534810580982,-0.10915595908243475,0.02062031917043083,0.06608148729578496,-0.0158256386020178,-0.0213410144927783,-0.09389878208163455,-0.02938492791315945,0.0032070236975226393,-0.005002727854566558,0.4736503938607934
ExterQual,0.14340701669150932,0.03796016122007926,0.7219726375614085,-0.13853148408767832,0.5974089825830093,0.5872604243843353,0.33002837908569227,1.0,0.010819294346459896,0.561410055501654,0.18585733479229327,0.23874798556723115,0.2209263848176696,0.17918521933524845,-0.061480980166433254,-0.07500866172074241,0.28498895191619567,0.4634197050698704,0.5192048588448407,0.2061659906569351,0.3824926073899331,0.16558869422181124,-0.06281488684704786,0.42199830034280156,0.11887634671779831,-0.06361631800683037,0.47801929474940796,0.1879122236364779,-0.02325915751443668,-0.15115321995464148,0.7125127093494166,0.28564329699626245,0.08760360795792005,0.23932109817443534,0.35715193543552787,0.5632414466163793,0.5155461814025493,0.5241741662824436,0.48813409949351116,0.21919585841970485,0.2147960969907608,0.20172103673087524,0.2801334466418589,-0.14854278406952767,0.038010092332517266,0.014563812684997984,0.0025968758901785413,0.013325348045541722,-0.23498124066070483,-0.03907246040050819,0.04811703816896525,-0.004245681710202581,0.6946277151248774
ExterCond,-0.00332784386550946,0.016579679616990382,0.015975392038904013,0.38912860209589095,-0.10342976449613096,0.0753648876611909,-0.016328709048570922,0.010819294346459896,1.0,-0.018245413405793658,0.14484747653827684,0.007053035316696758,0.061461886693738345,0.04712565348739799,0.06948425921859443,0.060251676522486246,-0.0700426786507675,-0.0023404520764276834,0.056168514671170636,0.09465844202409522,0.00210588730603468,0.027018060853328082,-0.032407029604715476,0.021857075699414936,0.03892508320556717,0.09904536347031877,-0.0019321307808418016,-0.033087655233555245,0.01559513750102884,-0.050495068827426826,0.05947618024147977,0.002724432412426192,0.10047503088128652,0.02954792647923624,0.00652374627495636,-0.09966509245905368,-0.01511425832412455,-0.008540894894148419,0.022132754025847908,0.0951123763899176,0.10413189020668487,0.04777953828434402,0.06585109513928919,0.03486782767343594,0.005120865081140556,0.02842118992363543,0.05521470740047481,0.07018655657338149,0.06988470957192239,0.0515958411785049,0.02695472615984303,0.007778154588997873,0.021998882664988843
BsmtQual,0.12775936952114333,0.06165225987233638,0.6254208088220197,-0.16433677192374851,0.6014017724020129,0.5137756957139039,0.26929240746360755,0.561410055501654,-0.018245413405793658,1.0,0.6357694368823578,0.39375955610480173,0.3741067693954415,0.29787231840804657,0.08708440205188714,-0.029748690031778886,0.25739553049983843,0.5754513649777739,0.39499315735307033,0.2771046179417519,0.2831053251450688,0.1294976474781994,-0.05543321816861632,0.31749393308176466,0.2200770147079843,-0.017346581581117213,0.36517452250975657,0.22513096764435442,-0.043831447881427364,-0.27788389445001255,0.5058759941205456,0.1759295895547777,0.13408497537758185,0.22212736199115626,0.30355148622717315,0.5394353300172456,0.48170515608338627,0.4460496556178149,0.40029206666378725,0.18175353896125174,0.19235264989828538,0.2486962830696632,0.2472695144373981,-0.1806014033083621,0.00868369100063618,0.03582617738899097,-0.004317141429109701,-0.008357468887694472,-0.15022473762113897,-0.04416952960745163,0.018555203179615457,-0.019529644430114963,0.5920731537685588
BsmtCond,0.05632834605498128,0.030961611373868683,0.2708277140548903,0.13250112660237895,0.18305556135933918,0.18796197159925435,0.07379129537476065,0.18585733479229327,0.14484747653827684,0.6357694368823578,1.0,0.2565015860483073,0.29927554401769174,0.17418011461242996,0.24285042592008568,0.08200880777156871,0.16886315265290314,0.3951393512352575,0.17169913805509504,0.275739655294293,0.05401990158784247,0.05697334552184784,-0.03360409253634465,0.08634886727068924,0.15677358198833974,0.06490302675920183,0.041698323706766655,0.1340967677368461,0.001746612937815439,-0.26797671176263976,0.18308220743924702,0.023974862734694506,0.1430298785836754,0.10263763562781182,0.11530535303643547,0.14990331745413543,0.18357650596802003,0.1426256792405633,0.14195628576479152,0.1286734639631721,0.14454802269426123,0.12410525140057595,0.09738553392959266,-0.041087088962905874,-0.0091119951840797,0.03940353317575407,0.006860411922574461,0.006533342989187367,0.017237459097650717,-0.023212447074216783,0.02533314704965552,-0.0601754316432662,0.21934017643979392
BsmtExposure,0.14947553879498926,0.2181652301221648,0.28586178247966304,-0.0556124273836638,0.28611429252858805,0.2182233420290376,0.1595826277811968,0.23874798556723115,0.007053035316696758,0.39375955610480173,0.2565015860483073,1.0,0.34406963747415487,0.36197266053170735,0.1285599924381452,0.09679282540827555,-0.036889554801074004,0.3762226508127518,0.14697976182269396,0.12907373685716808,0.2901425320603125,-0.12393302554605508,-0.05764609943035016,0.1023807972254831,0.335944638229638,0.07392304145535353,0.08892372608858683,-0.041813853339282205,-0.1204961294931309,-0.12150203356816308,0.24554808661805658,0.012389861105915943,0.07178619137370305,0.17696164296237343,0.16125608199373398,0.23368522366609282,0.24559954566234454,0.24796911236524433,0.24699879875580516,0.0758817386377237,0.07105934113102406,0.24323506989826188,0.07368883799603022,-0.09311464336681095,-0.015305603379528345,0.04393481131704366,0.013879305010634363,0.016506063453393477,-0.07132214650606059,-0.016898538012846277,0.023833875373662786,-0.062231695222529235,0.3731581627963927
BsmtFinType1,0.08148047481164311,0.05184407207672843,0.22638142925201535,-0.013572590179689484,0.3489686613575204,0.22241215310332793,0.1787201772665589,0.2209263848176696,0.061461886693738345,0.3741067693954415,0.29927554401769174,0.34406963747415487,1.0,0.7218711419500387,0.09908503262454971,0.03404345492048872,-0.4018436140116761,0.33577933402031357,0.1532494846095075,0.21289480266524596,0.20552843480927688,-0.124435105023716,-0.0763608534305239,0.03721278821425056,0.5891033004433599,0.07580180338637837,0.051808467085638917,0.02646866649803222,-0.14387654582311446,-0.1636314797097876,0.24394436894079208,-0.06929299818066761,0.11639974690857634,0.13539997664287248,0.10273427681366272,0.24155857582415569,0.2425775499808846,0.1905803262814366,0.20863381218629629,0.14618451309422598,0.14777828136172638,0.16903753787831532,0.08272268298575527,-0.13612509086578367,0.041362338074235915,0.023161633933194092,0.01303065961758203,0.01829427923241687,-0.033246819158882564,0.012660122567625757,-0.03277557048436052,0.05458014525478351,0.30511447260452085
BsmtFinSF1,0.1432948778902447,0.17342615785124066,0.21307936180611248,-0.04254223648115158,0.24827249058397247,0.12168960913562225,0.231890496338617,0.17918521933524845,0.04712565348739799,0.29787231840804657,0.17418011461242996,0.36197266053170735,0.7218711419500387,1.0,-0.008239858397839667,-0.048738072632416474,-0.5261402440527733,0.46032366471026803,0.07723211212310782,0.17264184859385281,0.38645307540201784,-0.1833575669393503,-0.06661089436927828,0.12147903001349684,0.6619326500393059,0.06886891617689783,0.03715879426720936,-0.014507634690526306,-0.12189306293758972,-0.08272235742901113,0.20919638412934496,0.0018766512003710173,0.06063044109425528,0.23621867646337946,0.1734141605583786,0.14153649385016315,0.2453146265603582,0.22404321672062708,0.2686507955105083,0.14152409874938948,0.14257730505385832,0.20146219171218463,0.07185065794271878,-0.10305322862147144,0.029879169190332528,0.07002584153032665,0.01637957291194764,0.020778601853153417,-0.018583095798946247,0.005148597376009811,-0.0017734486944866968,0.018506484401964056,0.3959231082743966
BsmtFinType2,0.03775903394060566,0.08973403105323266,-0.04267442573769138,0.10149454169926186,-0.038814961766341916,-0.03858046397529048,-0.04350100976587882,-0.061480980166433254,0.06948425921859443,0.08708440205188714,0.24285042592008568,0.1285599924381452,0.09908503262454971,-0.008239858397839667,1.0,0.7889396575212339,-0.16326733928476003,0.12541330338639736,-0.02690683877839284,0.0857966034466314,0.04802755442084837,-0.060988281964679494,0.019280041012406046,-0.01538308893453704,0.1709995618758766,0.10488207480139997,-0.09103396117324179,-0.01776623416244946,-0.01994839813933841,-0.0901628142580749,-0.028234560538790844,-0.03852934533624851,-0.07332195773272993,0.054149874716875684,0.0009387465368371746,-0.06619671313746268,0.005079294835347933,-0.022634133802433218,0.005467396111543259,0.05492175795145881,0.05035894585521024,0.07289149277061771,0.00016671234336427035,0.06205954483572619,-0.0077099912961260866,0.050182416326287255,0.020368403607152853,0.01744148335580249,0.13858680391685776,0.01422552203919139,-0.02160058325515698,0.03295450535705499,-0.0027341043781325502
BsmtFinSF2,0.0591323224610287,0.1146912272225551,-0.05752024911437822,0.040014832708537805,-0.04839337123554412,-0.06718771329054855,-0.07033877498355552,-0.07500866172074241,0.060251676522486246,-0.029748690031778886,0.08200880777156871,0.09679282540827555,0.03404345492048872,-0.048738072632416474,0.7889396575212339,1.0,-0.2092859367628023,0.11647763342696826,-0.07391747862256223,0.0401541179545846,0.10613396255138222,-0.09824142049540972,0.014713622254966236,-0.004994960221105091,0.16025432922582175,0.0719857518257676,-0.0752907071236443,-0.031242667665963335,-0.01513411388694989,-0.04092611733884379,-0.043619478620374914,-0.033490455729635674,-0.11432213456342125,0.04902737599357315,0.00247653155318957,-0.08705975165295084,-0.011689916558113833,-0.03733054295939693,-0.016484859642266966,0.05301646466196599,0.04458113429899034,0.06902766219058287,0.005083074419357052,0.03626897756242865,-0.030089658669469135,0.08867601810770354,0.05317761875554916,0.03666516099498404,0.1155963784562639,0.004870853540962582,-0.015725934189205006,0.031383705916531876,-0.00889991086155111
BsmtUnfSF,0.12667573528213008,-0.0037740312750955125,0.310164043710582,-0.13726651043566235,0.14881014465482215,0.18097242057333365,0.11110742684682032,0.28498895191619567,-0.0700426786507675,0.25739553049983843,0.16886315265290314,-0.036889554801074004,-0.4018436140116761,-0.5261402440527733,-0.16326733928476003,-0.2092859367628023,1.0,0.44162513230851647,0.20240380965870894,0.019925181467790928,0.33157379091570904,0.002749241674229682,0.028252979965454394,0.2516319359835508,-0.4240261851831828,-0.09900748810536154,0.2893994902875996,-0.041925428837770645,0.16658394572016,0.03022631798295308,0.21054613036627687,0.2519356023775566,0.01799314960624012,0.05179677702359974,0.15796066571005304,0.18547199924827898,0.11358871283192994,0.21377229113941904,0.18456212666533997,0.010973335152928105,0.016356247363251326,-0.006875562254318369,0.12914758298702844,-0.0023363395826177438,0.02084328092779791,-0.012435349963726533,-0.031243572787253007,-0.02643100302795559,-0.1310222972153522,-0.023802148470608894,0.0354559488726189,-0.04083411735666913,0.22067782765790733
TotalBsmtSF,0.30867021072054524,0.22193993834099135,0.5326659864305281,-0.17600043556875453,0.3998666074821649,0.2948660904101506,0.3337140731615565,0.4634197050698704,-0.0023404520764276834,0.5754513649777739,0.3951393512352575,0.3762226508127518,0.33577933402031357,0.46032366471026803,0.12541330338639736,0.11647763342696826,0.44162513230851647,1.0,0.2688124167430802,0.21733697196130208,0.8007589886147014,-0.2269603373443881,-0.03345751605855561,0.39482917612196466,0.29887088273201606,-0.006119831384417199,0.31977783941945276,-0.07236992816294546,0.04554916145511042,-0.06996434158720194,0.4271812285347204,0.2591331143452027,0.03779515914108667,0.32137777313993093,0.35147418746307263,0.3126242927175026,0.37337413331895286,0.4486059654238068,0.47200253046960167,0.18028909679762226,0.1838580424371966,0.22998415393875446,0.2155589083794243,-0.09587163810403034,0.041761765725079676,0.0945110186214851,0.0044181104400491614,0.007702494845093053,-0.11466966979238306,-0.01825349214654113,0.030026018579605563,-0.012192121308955117,0.6465844979300721
HeatingQC,0.08480389315455246,-0.0025330136109905123,0.45567700537029787,-0.013407655173662651,0.4475451174174637,0.549187574011116,0.1527986687166238,0.5192048588448407,0.056168514671170636,0.39499315735307033,0.17169913805509504,0.14697976182269396,0.1532494846095075,0.07723211212310782,-0.02690683877839284,-0.07391747862256223,0.20240380965870894,0.2688124167430802,1.0,0.3060113440153367,0.1859100160068616,0.1367342557773246,-0.03144470375796191,0.25388044341565547,0.08145649000756736,-0.0447424436204326,0.3309834627713349,0.11359040996611289,-0.02884137356648078,-0.17109561026756365,0.5027683700233467,0.16025882126477073,0.057839052807082306,0.12556564693747654,0.20523295001287492,0.45434787393088716,0.3902578537396042,0.32339690574981544,0.29278185879163426,0.1450064218662257,0.15488163511790298,0.1284046435652691,0.17234917869014346,-0.10099135462964931,0.06000220307328849,-0.03430223292047923,-0.07197757550865526,-0.05574533629638404,-0.18112135832707818,-0.026687170347969073,0.017022323826423207,-0.008618588465021296,0.4350808866501753
CentralAir,0.0785282421863427,0.0486132344954504,0.273021284837201,0.1192315499781722,0.3816876426655915,0.2986259573494935,0.12688010469504413,0.2061659906569351,0.09465844202409522,0.2771046179417519,0.275739655294293,0.12907373685716808,0.21289480266524596,0.17264184859385281,0.0857966034466314,0.0401541179545846,0.019925181467790928,0.21733697196130208,0.3060113440153367,1.0,0.15010572605840888,-0.014075874675575169,-0.05006727691200431,0.09444811741726311,0.11429529240434269,0.03996041602889809,0.10856240000194987,0.13403824430603026,0.007319194816149581,-0.24668268093979576,0.25801847723787913,0.03294503076498386,0.09124575439878857,0.18626532954693722,0.18733408854361658,0.27022750917996274,0.2829137158399641,0.2334580603608168,0.23130233541029538,0.28797974429460554,0.30806541310701185,0.1454912312973346,0.024477763216267608,-0.15669551208612556,0.030779598438577114,0.05141214550572476,0.015354056775716437,0.014622054815852503,0.022406452419766066,-0.0024146100387686564,0.01030222030202286,-0.009115270065494214,0.25805556026640286
1stFlrSF,0.3800209768134595,0.26764364350452985,0.4620418217009409,-0.14561285456726217,0.2799287140168693,0.23830448854109434,0.3116790473182949,0.3824926073899331,0.00210588730603468,0.2831053251450688,0.05401990158784247,0.2901425320603125,0.20552843480927688,0.38645307540201784,0.04802755442084837,0.10613396255138222,0.33157379091570904,0.8007589886147014,0.1859100160068616,0.15010572605840888,1.0,-0.2522967042856088,-0.013128013016269074,0.5229202439482036,0.23282618621082765,-0.004382854193974793,0.37463068321104886,-0.14437262100572398,0.1254742976725245,0.07455457799155875,0.37471846858424374,0.39063921857448913,-0.08474648614812717,0.39682934127646713,0.41044547260427283,0.2203976197523739,0.3296558239952091,0.44586136427274226,0.4742458022478444,0.18123624657892032,0.1758609718731103,0.2308648856074087,0.1790491585800519,-0.06307360603982023,0.06055270281405792,0.09709293934010226,0.03208783588600491,0.029128424233748375,-0.07234997637308967,-0.020800889031380224,0.045080783850866044,-0.01001363664897264,0.6252347186514543
2ndFlrSF,0.048852592525147516,0.0372765819899955,0.2797450211288611,0.03129665430861256,0.0029531539843237454,0.13610336037478346,0.1560643095384502,0.16558869422181124,0.027018060853328082,0.1294976474781994,0.05697334552184784,-0.12393302554605508,-0.124435105023716,-0.1833575669393503,-0.060988281964679494,-0.09824142049540972,0.002749241674229682,-0.2269603373443881,0.1367342557773246,-0.014075874675575169,-0.2522967042856088,1.0,0.06514187090946558,0.6874295637756838,-0.17852052234080415,-0.03258709388029696,0.41064209651603123,0.609022074269506,0.5024500759004913,0.06177714743210189,0.1540554498578609,0.6107935716095056,-0.007001115527895589,0.18272229862974887,0.20077956302330552,0.06243233934608244,0.13225434315588197,0.17484671664644907,0.12502336049375087,0.05531422729629511,0.04536578615521012,0.08366998592357933,0.19840668477518958,0.06569025019616404,-0.02373985897622637,0.043307601877198475,0.03837504163628813,0.04715229716719172,-0.042168870371473884,0.01711139813642861,0.03916343879655287,-0.024874105463638243,0.29730130233118784
LowQualFinSF,0.035279888303773564,0.005675274628043474,-0.029825794075038523,0.02540647313703442,-0.18371995413866998,-0.06221516019715114,-0.06908555255834344,-0.06281488684704786,-0.032407029604715476,-0.05543321816861632,-0.03360409253634465,-0.05764609943035016,-0.0763608534305239,-0.06661089436927828,0.019280041012406046,0.014713622254966236,0.028252979965454394,-0.03345751605855561,-0.03144470375796191,-0.05006727691200431,-0.013128013016269074,0.06514187090946558,1.0,0.144824892645385,-0.04697759678823108,-0.005605596795419696,1.2391231711067192e-06,-0.026730455047896177,0.1060078832192598,0.007452499684948664,-0.04715462579821725,0.13334435306249018,-0.07599261685494886,-0.02072834455787775,-0.023393980423448597,-0.02681917791229504,-0.11252033610194254,-0.09431481872311477,-0.06747432195758389,-0.11446826778091272,-0.12773734519319088,-0.025113736124792587,0.019338512878598443,0.06097456624384991,-0.004334207937316662,0.0267133636550443,0.07307037182967242,0.12443578938400356,0.05572545211185584,-0.0038219533527900818,-0.02244099758412489,-0.0290737148413812,-0.025350635768713266
GrLivArea,0.3283786793075778,0.2318869551706059,0.5835191995082176,-0.0785673545625558,0.19264495082775793,0.289264278389846,0.36047177078971876,0.42199830034280156,0.021857075699414936,0.31749393308176466,0.08634886727068924,0.1023807972254831,0.03721278821425056,0.12147903001349684,-0.01538308893453704,-0.004994960221105091,0.2516319359835508,0.39482917612196466,0.25388044341565547,0.09444811741726311,0.5229202439482036,0.6874295637756838,0.144824892645385,1.0,0.01340611135322025,-0.032112177890040686,0.6351612085453017,0.4190516237333328,0.5400833655807679,0.10980946642143094,0.4077364754697782,0.8339786218944919,-0.07652476405476209,0.4516621451283814,0.4772068091688233,0.2154321796509545,0.3488969970900156,0.4740577871508961,0.4545116864442015,0.17154909458646433,0.15761187463464646,0.24182695979360835,0.3073253482173293,0.016147813637972335,0.023966837838223936,0.11240847911757565,0.0643456922359088,0.07480356707080517,-0.08494755623470687,-0.0009740931386510469,0.06532847816402548,-0.03189831307588503,0.7205163006738741
BsmtFullBath,0.0850738592898066,0.14759461054911324,0.10409198296310039,-0.0531068369153103,0.1850092536595205,0.1167650471561167,0.07802616411348734,0.11887634671779831,0.03892508320556717,0.2200770147079843,0.15677358198833974,0.335944638229638,0.5891033004433599,0.6619326500393059,0.1709995618758766,0.16025432922582175,-0.4240261851831828,0.29887088273201606,0.08145649000756736,0.11429529240434269,0.23282618621082765,-0.17852052234080415,-0.04697759678823108,0.01340611135322025,1.0,-0.1462014534169094,-0.06945737604843756,-0.034860781582367086,-0.15226769902175805,-0.04103550916215015,0.15664049864867913,-0.06371474357069326,0.03355568678821153,0.13093266324088906,0.07520968815676114,0.1162879918856911,0.15131321238992615,0.13056767641950928,0.17065343016504195,0.05759040306314025,0.06309647016332133,0.1746360520908508,0.05625060328311163,-0.049033639213543215,0.0002490400405442207,0.024074572176972897,0.037039385090086585,0.036480623819202584,0.03666885681117874,-0.02287739775161739,-0.023770134763451436,0.06766505123962527,0.23569678183092485
BsmtHalfBath,0.005844978115038529,0.04739054641272688,-0.047172132127691065,0.11720681785892433,-0.039945271246706354,-0.013296723108745457,0.012904128267869535,-0.06361631800683037,0.09904536347031877,-0.017346581581117213,0.06490302675920183,0.07392304145535353,0.07580180338637837,0.06886891617689783,0.10488207480139997,0.0719857518257676,-0.09900748810536154,-0.006119831384417199,-0.0447424436204326,0.03996041602889809,-0.004382854193974793,-0.03258709388029696,-0.005605596795419696,-0.032112177890040686,-0.1462014534169094,1.0,-0.061379110023524225,-0.015172957071319822,0.04333086076000168,-0.03768231952960707,-0.03558774094578722,-0.028715371237928052,0.0007274680273486592,0.02453678545740916,0.014364750409392515,-0.07716896915065226,-0.029550655767479575,-0.02497199222962015,-0.028212796754208593,0.023122640048794812,0.02368320940214785,0.034626277607689986,-0.02438494710286478,-0.007802928910351588,0.0355646779852669,0.03290153461993836,0.02788616493502436,0.0552068874995418,0.021805310416272393,-0.007211400084201925,0.03847844924857077,-0.045302641128563914,-0.03679247364621543
FullBath,0.17605432323519019,0.1173358554159999,0.5437909250225513,-0.19416712143707396,0.4667100002181729,0.4382115073836328,0.26245500373329217,0.47801929474940796,-0.0019321307808418016,0.36517452250975657,0.041698323706766655,0.08892372608858683,0.051808467085638917,0.03715879426720936,-0.09103396117324179,-0.0752907071236443,0.2893994902875996,0.31977783941945276,0.3309834627713349,0.10856240000194987,0.37463068321104886,0.41064209651603123,1.2391231711067192e-06,0.6351612085453017,-0.06945737604843756,-0.061379110023524225,1.0,0.13033511633799616,0.36098989400022063,0.13535220746404747,0.4274233049988575,0.5496252337484152,0.0014618980885882167,0.23647747620756637,0.29250862250965126,0.46555306021901405,0.40313793160617933,0.4653247398617256,0.400780444631648,0.13977543443833343,0.13016627444803025,0.182131040846739,0.2529111826057334,-0.1138121402258871,0.03630390568180918,-0.00655698448693931,0.021509463194548058,0.020509830874980584,-0.1900541141224152,-0.013871995294592931,0.05819696255358603,-0.016573781206586886,0.5590482380074926
HalfBath,0.0400879423105343,0.00598050426523824,0.26743138337385464,-0.05992661438612295,0.24014368090918903,0.18113598086551577,0.19292243274481236,0.1879122236364779,-0.033087655233555245,0.22513096764435442,0.1340967677368461,-0.041813853339282205,0.02646866649803222,-0.014507634690526306,-0.01776623416244946,-0.031242667665963335,-0.041925428837770645,-0.07236992816294546,0.11359040996611289,0.13403824430603026,-0.14437262100572398,0.609022074269506,-0.026730455047896177,0.4190516237333328,-0.034860781582367086,-0.015172957071319822,0.13033511633799616,1.0,0.2247989301328512,-0.06769384567999061,0.17468342668089917,0.3386178841421142,0.05534060328530656,0.19839391106455315,0.19898068072691497,0.1869610417943999,0.23734402389768458,0.21580029767215703,0.15731727456674807,0.11447795838079527,0.12023195396640945,0.10453762553149255,0.19492131885999833,-0.09431684055681525,-0.004589731442609416,0.07349677234488397,0.001009749058133635,-0.016072289613635028,-0.04964623500186,0.001589180658675973,-0.007126783326051949,-0.00885337283698592,0.2829248921855678
BedroomAbvGr,0.25122735641570726,0.11895951323161624,0.0968481464883596,0.013248891873174204,-0.07262327777860304,-0.04191850280104136,0.0991417670510767,-0.02325915751443668,0.01559513750102884,-0.043831447881427364,0.001746612937815439,-0.1204961294931309,-0.14387654582311446,-0.12189306293758972,-0.01994839813933841,-0.01513411388694989,0.16658394572016,0.04554916145511042,-0.02884137356648078,0.007319194816149581,0.1254742976725245,0.5024500759004913,0.1060078832192598,0.5400833655807679,-0.15226769902175805,0.04333086076000168,0.36098989400022063,0.2247989301328512,1.0,0.19932838483674437,-0.022989143776781188,0.6793462367468899,-0.03434425236622208,0.10395100399993734,0.09191858528728375,-0.06189866436901564,-0.01482840362604482,0.08308377845229749,0.06210828554345011,-0.005212838533710223,-0.006721600765482001,0.044038841996034174,0.09380331551861608,0.04240189626305776,-0.024262570769469763,0.044941353694015994,0.06411786153856505,0.06107839294598634,0.04362408480094631,0.007964924306371978,0.0484772036218657,-0.03484868948461981,0.16054172247071052
KitchenAbvGr,-0.0029097264823112617,-0.01656530852102685,-0.1842806032788194,-0.08720445773374659,-0.17448100235975383,-0.14928757685180094,-0.03741126279610594,-0.15115321995464148,-0.050495068827426826,-0.27788389445001255,-0.26797671176263976,-0.12150203356816308,-0.1636314797097876,-0.08272235742901113,-0.0901628142580749,-0.04092611733884379,0.03022631798295308,-0.06996434158720194,-0.17109561026756365,-0.24668268093979576,0.07455457799155875,0.06177714743210189,0.007452499684948664,0.10980946642143094,-0.04103550916215015,-0.03768231952960707,0.13535220746404747,-0.06769384567999061,0.19932838483674437,1.0,-0.17232542019575262,0.2601033773405895,-0.04292077070503529,-0.12368849396925986,-0.1544618865626292,-0.10499074779900451,-0.19368955430947155,-0.05001480639875581,-0.06366860596429597,-0.16381399112023506,-0.1814336505627676,-0.0896702365350981,-0.06973836780781249,0.037112509021643536,-0.024669915961772218,-0.05177870772916618,-0.01230631033361531,-0.011719609150046256,-0.04769515790726026,0.062294268764000536,0.026340058178922657,0.0314540208058927,-0.13884861669762533
KitchenQual,0.15456296729360178,0.053654461776287625,0.667868541834574,-0.02508651807593099,0.5284536429815964,0.6252604893199135,0.27064477091049066,0.7125127093494166,0.05947618024147977,0.5058759941205456,0.18308220743924702,0.24554808661805658,0.24394436894079208,0.20919638412934496,-0.028234560538790844,-0.043619478620374914,0.21054613036627687,0.4271812285347204,0.5027683700233467,0.25801847723787913,0.37471846858424374,0.1540554498578609,-0.04715462579821725,0.4077364754697782,0.15664049864867913,-0.03558774094578722,0.4274233049988575,0.17468342668089917,-0.022989143776781188,-0.17232542019575262,1.0,0.2758035461862618,0.10628745422157153,0.24682951959069058,0.3495891834304866,0.4983022396733945,0.47029464706371527,0.5066457318061677,0.4828720069312963,0.23821093044335304,0.23207184691341165,0.2157787202381539,0.24983449825925158,-0.10438698047354095,0.023210125025049475,0.032683156723492916,0.026422286695840375,0.021568915212194038,-0.1337836661947312,-0.05392906486774714,0.05591851549784896,0.0047070126984842114,0.6662166938363185
TotRmsAbvGrd,0.31283801006760886,0.1736292845906779,0.41583390187467534,-0.05576634773934184,0.08920688389928134,0.18752025839740932,0.264227400358897,0.28564329699626245,0.002724432412426192,0.1759295895547777,0.023974862734694506,0.012389861105915943,-0.06929299818066761,0.0018766512003710173,-0.03852934533624851,-0.033490455729635674,0.2519356023775566,0.2591331143452027,0.16025882126477073,0.03294503076498386,0.39063921857448913,0.6107935716095056,0.13334435306249018,0.8339786218944919,-0.06371474357069326,-0.028715371237928052,0.5496252337484152,0.3386178841421142,0.6793462367468899,0.2601033773405895,0.2758035461862618,1.0,-0.047880872561917025,0.3156431698911396,0.35116998909199226,0.13389779884533765,0.23393101704898853,0.35806867995219094,0.3254667994528978,0.09025833670773302,0.07942574258060202,0.15972048541363362,0.219969070882656,0.006789743715270689,-0.005908304387381088,0.061924394064694965,0.041587856964716834,0.039187961086707204,-0.041992758460073,0.025639925786288084,0.04196580247921085,-0.03218951961979252,0.5374617670292905
Functional,0.018721187697359507,-0.027110484703927587,0.14520593213156016,0.11914741897802365,0.14836634090788553,0.07209086580099998,0.08238980234992802,0.08760360795792005,0.10047503088128652,0.13408497537758185,0.1430298785836754,0.07178619137370305,0.11639974690857634,0.06063044109425528,-0.07332195773272993,-0.11432213456342125,0.01799314960624012,0.03779515914108667,0.057839052807082306,0.09124575439878857,-0.08474648614812717,-0.007001115527895589,-0.07599261685494886,-0.07652476405476209,0.03355568678821153,0.0007274680273486592,0.0014618980885882167,0.05534060328530656,-0.03434425236622208,-0.04292077070503529,0.10628745422157153,-0.047880872561917025,1.0,-0.01488812567586386,0.03026766534769602,0.1125184287673274,0.12168001773806736,0.08621410622235248,0.0736251184308117,0.08102897099874791,0.08093819047766795,0.007288479526603396,0.021551668881610146,-0.04577325922602695,0.01785105636880304,-0.024754556874685106,0.013795828955108579,0.013138115232891823,-0.02768368673599338,-0.029893329123288757,0.02528165503312728,-0.02954106769399704,0.1092496630503879
Fireplaces,0.22550362327155726,0.2597009161407162,0.387424903268075,-0.022277116762906873,0.14316231757350967,0.10873162086747157,0.23486767460392166,0.23932109817443534,0.02954792647923624,0.22212736199115626,0.10263763562781182,0.17696164296237343,0.13539997664287248,0.23621867646337946,0.054149874716875684,0.04902737599357315,0.05179677702359974,0.32137777313993093,0.12556564693747654,0.18626532954693722,0.39682934127646713,0.18272229862974887,-0.02072834455787775,0.4516621451283814,0.13093266324088906,0.02453678545740916,0.23647747620756637,0.19839391106455315,0.10395100399993734,-0.12368849396925986,0.24682951959069058,0.3156431698911396,-0.01488812567586386,1.0,0.8649787004430369,0.037690190433800494,0.319339244968533,0.2976660029999975,0.2568525448240614,0.20870262947171572,0.19804466910992752,0.19497213847904837,0.1606468551082449,-0.022885417026841295,0.012042208805021161,0.18765614778706552,0.051221254367178254,0.04395864585018827,-0.02618134468237765,0.0019427237150172786,0.05394671644441566,-0.02256688286748604,0.46676528347165025
FireplaceQu,0.23088065278315645,0.17971793711780804,0.4878994129243374,-0.05641574380882138,0.22209376093123354,0.1940498777342108,0.2683852166387433,0.35715193543552787,0.00652374627495636,0.30355148622717315,0.11530535303643547,0.16125608199373398,0.10273427681366272,0.1734141605583786,0.0009387465368371746,0.00247653155318957,0.15796066571005304,0.35147418746307263,0.20523295001287492,0.18733408854361658,0.41044547260427283,0.20077956302330552,-0.023393980423448597,0.4772068091688233,0.07520968815676114,0.014364750409392515,0.29250862250965126,0.19898068072691497,0.09191858528728375,-0.1544618865626292,0.3495891834304866,0.35116998909199226,0.03026766534769602,0.8649787004430369,1.0,0.13188760781766135,0.39211690709175834,0.36754039236705377,0.3239053797171544,0.2214370097683933,0.210111798834841,0.2151054447900869,0.16310420099454725,-0.04160944342649307,0.03625685033548459,0.15124071680039636,0.03752555934560435,0.043324554372218556,-0.07297381933910703,-0.020627659905247224,0.05754630875095599,-0.05001605067940097,0.5288410187654411
GarageYrBlt,0.05104461479747122,-0.03402000747164472,0.5132226255643967,-0.3058340480134725,0.7765780403930702,0.615559991426941,0.24153549714312253,0.5632414466163793,-0.09966509245905368,0.5394353300172456,0.14990331745413543,0.23368522366609282,0.24155857582415569,0.14153649385016315,-0.06619671313746268,-0.08705975165295084,0.18547199924827898,0.3126242927175026,0.45434787393088716,0.27022750917996274,0.2203976197523739,0.06243233934608244,-0.02681917791229504,0.2154321796509545,0.1162879918856911,-0.07716896915065226,0.46555306021901405,0.1869610417943999,-0.06189866436901564,-0.10499074779900451,0.4983022396733945,0.13389779884533765,0.1125184287673274,0.037690190433800494,0.13188760781766135,1.0,0.45637812357737356,0.47312447547706055,0.4672045880363341,0.08902106014455945,0.07082102780325805,0.2170669290408327,0.21361497736803894,-0.2844661243393521,0.023463360780228305,-0.07558768883967774,-0.0358723502489684,-0.05006917082206667,-0.21838931890741003,-0.031593537645426766,0.006227752004024208,0.00013195021232539797,0.47796125456460653
